CO2	HUMIDITY	POLLUTION	TEMPT	MONTH	DAY
41	190	16.6	67	1	1
36	118	14.9	72	1	2
12	149	8	74	1	3
18	313	12	62	1	4
NA	NA	8.6	56	1	5
28	NA	13.8	66	1	6
23	299	20.1	65	1	7
19	99	7.4	59	1	8
8	19	8	61	1	9
NA	194	12.6	69	1	10
7	NA	11.5	74	1	11
16	256	14.3	69	1	12
11	290	14.9	66	1	13
14	274	8.6	68	1	14
18	65	13.8	58	1	15
14	334	20.1	64	1	16
34	307	8.6	66	1	17
6	78	6.9	57	1	18
30	322	9.7	68	1	19
11	44	9.2	62	1	20
1	8	10.9	59	1	21
11	320	13.2	73	1	22
4	25	11.5	61	1	23
32	92	12	61	1	24
NA	66	18.4	57	1	25
NA	266	11.5	58	1	26
NA	NA	9.7	57	1	27
23	13	9.7	67	1	28
23	299	16.6	65	1	29
19	99	9.7	59	1	30
8	19	12	61	1	31
41	190	16.6	67	2	1
36	118	8	72	2	2
12	149	12.6	74	2	3
18	313	11.5	62	2	4
NA	NA	14.3	56	2	5
28	NA	14.9	67	2	6
23	299	8.6	72	2	7
19	99	13.8	74	2	8
8	19	20.1	62	2	9
NA	194	8.6	56	2	10
7	NA	6.9	66	2	11
16	149	9.7	65	2	12
41	313	9.2	59	2	13
36	NA	10.9	61	2	14
12	NA	13.2	69	2	15
18	299	11.5	74	2	16
NA	99	12	69	2	17
28	19	18.4	66	2	18
23	194	11.5	68	2	19
19	NA	9.7	58	2	20
8	256	9.7	64	2	21
NA	290	16.6	66	2	22
7	274	9.7	57	2	23
16	65	12	68	2	24
11	334	16.6	62	2	25
14	307	14.9	59	2	26
18	78	8	73	2	27
14	322	12	61	2	28
34	44	7.4	61	3	1
6	8	8	57	3	2
30	320	12.6	56	3	3
11	25	20.1	66	3	4
1	92	8.6	65	3	5
11	66	6.9	59	3	6
4	266	9.7	61	3	7
32	NA	9.2	69	3	8
NA	13	10.9	74	3	9
NA	299	13.2	69	3	10
NA	99	11.5	66	3	11
23	19	12	68	3	12
23	190	18.4	58	3	13
14	274	11.5	64	3	14
18	65	9.7	66	3	15
14	334	9.7	57	3	16
34	307	16.6	68	3	17
6	78	9.7	62	3	18
30	322	12	59	3	19
11	44	16.6	73	3	20
1	8	14.9	61	3	21
11	320	8	61	3	22
4	25	12	57	3	23
32	92	14.9	61	3	24
NA	66	5.7	57	3	25
NA	266	7.4	58	3	26
NA	NA	8	57	3	27
23	13	12.6	67	3	28
45	252	11.5	81	3	29
115	223	14.3	79	3	30
34	307	12	66	3	31
41	190	7.4	67	4	1
36	118	8	72	4	2
12	149	12.6	74	4	3
18	149	11.5	62	4	4
NA	313	14.3	56	4	5
28	NA	14.9	66	4	6
23	NA	8.6	65	4	7
19	299	13.8	59	4	8
8	99	14.9	61	4	9
NA	19	8	69	4	10
7	194	12	74	4	11
16	NA	14.9	69	4	12
11	256	5.7	66	4	13
22	290	7.4	68	4	14
18	274	8	58	4	15
14	65	12.6	64	4	16
34	334	11.5	66	4	17
6	307	14.3	57	4	18
30	78	11.5	68	4	19
11	322	14.9	67	4	20
1	44	8	72	4	21
11	8	4.1	74	4	22
4	320	9.2	62	4	23
32	25	9.2	56	4	24
NA	92	10.9	66	4	25
NA	66	4.6	65	4	26
NA	266	10.9	59	4	27
23	NA	5.1	61	4	28
45	13	6.3	69	4	29
115	299	5.7	74	4	30
41	99	7.4	69	5	1
36	19	8.6	66	5	2
12	190	14.3	68	5	3
18	313	14.9	58	5	4
NA	NA	14.9	64	5	5
34	NA	14.3	66	5	6
6	299	6.9	57	5	7
30	99	10.3	68	5	8
11	19	6.3	62	5	9
1	194	5.1	59	5	10
11	NA	11.5	73	5	11
4	256	6.9	61	5	12
32	290	9.7	61	5	13
NA	274	11.5	57	5	14
NA	65	8.6	58	5	15
NA	334	8	64	5	16
23	307	13.8	66	5	17
45	78	11.5	57	5	18
115	322	14.9	68	5	19
34	44	20.7	62	5	20
41	8	9.2	59	5	21
36	320	11.5	73	5	22
12	25	10.3	61	5	23
18	92	6.3	61	5	24
NA	66	1.7	57	5	25
28	266	4.6	58	5	26
23	NA	6.3	57	5	27
19	13	8	67	5	28
8	252	8	81	5	29
NA	223	10.3	79	5	30
7	279	11.5	76	5	31
16	286	14.9	78	6	1
NA	287	8	74	6	2
NA	242	4.1	67	6	3
NA	186	9.2	84	6	4
NA	220	9.2	85	6	5
NA	264	10.9	79	6	6
29	127	4.6	82	6	7
NA	273	10.9	87	6	8
71	291	5.1	90	6	9
39	323	6.3	87	6	10
NA	259	5.7	93	6	11
NA	250	7.4	92	6	12
23	148	8.6	82	6	13
NA	332	14.3	80	6	14
NA	322	12.6	79	6	15
21	191	9.7	77	6	16
37	284	3.4	72	6	17
20	37	8	65	6	18
12	NA	5.7	73	6	19
13	299	8.6	76	6	20
NA	99	12	77	6	21
NA	19	7.4	76	6	22
34	194	7.4	76	6	23
6	NA	7.4	76	6	24
30	256	9.2	75	6	25
11	290	6.9	78	6	26
1	274	13.8	73	6	27
11	65	7.4	80	6	28
4	334	6.9	77	6	29
32	307	7.4	83	6	30
NA	78	4.6	84	7	1
NA	322	4	85	7	2
NA	44	10.3	81	7	3
23	8	8	84	7	4
45	320	8.6	83	7	5
115	25	11.5	83	7	6
34	92	11.5	88	7	7
41	66	11.5	92	7	8
36	266	9.7	92	7	9
12	NA	11.5	89	7	10
18	139	10.3	82	7	11
NA	264	6.3	73	7	12
28	175	7.4	81	7	13
23	291	10.9	91	7	14
19	48	10.3	80	7	15
8	260	15.5	81	7	16
NA	274	14.3	82	7	17
7	285	12.6	84	7	18
16	187	9.7	87	7	19
63	220	3.4	85	7	20
16	7	8	74	7	21
NA	258	5.7	81	7	22
NA	295	9.7	82	7	23
80	294	6.9	86	7	24
108	223	13.8	85	7	25
20	81	7.4	82	7	26
52	82	6.9	86	7	27
82	213	7.4	88	7	28
50	275	4.6	86	7	29
64	253	4	83	7	30
59	254	10.3	81	7	31
39	83	8	81	8	1
9	24	8.6	81	8	2
16	77	11.5	82	8	3
78	NA	11.5	86	8	4
35	NA	11.5	85	8	5
66	NA	9.7	87	8	6
122	255	11.5	89	8	7
89	229	10.3	90	8	8
110	207	6.3	90	8	9
NA	222	7.4	92	8	10
NA	137	10.9	86	8	11
44	192	10.3	86	8	12
16	273	15.5	82	8	13
63	157	14.3	80	8	14
16	64	12.6	79	8	15
NA	71	9.7	77	8	16
NA	51	3.4	79	8	17
80	115	8	76	8	18
108	244	5.7	78	8	19
20	190	9.7	78	8	20
52	259	2.3	77	8	21
82	36	6.3	72	8	22
50	255	5.1	75	8	23
64	212	2.8	79	8	24
59	238	4.6	81	8	25
39	215	7.4	86	8	26
9	153	15.5	88	8	27
16	203	10.9	97	8	28
78	225	10.3	94	8	29
35	237	10.9	96	8	30
85	188	9.7	94	8	31
96	167	14.9	91	9	1
78	197	15.5	92	9	2
73	183	6.3	93	9	3
91	189	10.9	93	9	4
47	95	11.5	87	9	5
32	92	6.9	84	9	6
20	252	13.8	80	9	7
23	220	10.3	78	9	8
21	230	10.3	75	9	9
24	259	8	73	9	10
44	236	12.6	81	9	11
21	259	9.2	76	9	12
28	238	10.3	77	9	13
9	24	10.3	71	9	14
13	112	16.6	71	9	15
46	237	6.9	78	9	16
16	224	13.2	67	9	17
63	27	14.3	76	9	18
16	238	8	68	9	19
NA	201	11.5	82	9	20
NA	238	10.9	64	9	21
80	14	9.7	71	9	22
108	139	14.9	81	9	23
20	49	6.9	69	9	24
52	20	13.2	63	9	25
82	193	14.3	70	9	26
50	145	8	77	9	27
64	191	11.5	75	9	28
59	131	10.9	76	9	29
39	223	9.7	68	9	30
9	167	14.9	91	10	1
16	197	15.5	92	10	2
78	183	6.3	93	10	3
35	189	10.9	93	10	4
47	95	11.5	87	10	5
32	92	6.9	84	10	6
20	252	13.8	80	10	7
23	220	10.3	78	10	8
21	230	10.3	75	10	9
24	295	8	73	10	10
44	294	4.6	81	10	11
21	223	7.4	76	10	12
28	81	15.5	77	10	13
9	82	10.9	71	10	14
13	213	10.3	71	10	15
20	275	10.9	78	10	16
23	253	9.7	67	10	17
21	254	14.9	76	10	18
24	83	15.5	68	10	19
44	24	8	82	10	20
21	77	12.6	64	10	21
28	NA	9.2	71	10	22
9	NA	10.3	81	10	23
13	NA	10.3	69	10	24
46	255	16.6	63	10	25
16	229	6.9	70	10	26
63	207	13.2	77	10	27
16	222	14.3	75	10	28
NA	137	10.9	76	10	29
NA	192	11.5	81	10	30
80	273	6.9	92	10	31
96	157	13.8	91	11	1
78	64	10.3	92	11	2
73	71	10.3	93	11	3
91	51	8	93	11	4
47	115	12.6	87	11	5
32	244	9.2	84	11	6
20	190	10.3	80	11	7
23	259	10.3	78	11	8
21	36	16.6	75	11	9
24	255	13.2	73	11	10
44	212	14.3	81	11	11
21	259	8	76	11	12
28	238	11.5	77	11	13
9	24	6.9	71	11	14
13	112	5.1	71	11	15
46	237	2.8	78	11	16
18	224	4.6	67	11	17
13	27	7.4	76	11	18
24	238	15.5	68	11	19
16	201	10.9	82	11	20
13	238	10.3	64	11	21
23	14	10.9	71	11	22
36	139	9.7	81	11	23
7	49	14.9	69	11	24
14	20	15.5	63	11	25
30	193	6.3	70	11	26
NA	145	10.9	77	11	27
14	191	11.5	75	11	28
18	131	6.9	76	11	29
20	223	13.8	68	11	30
96	167	10.3	91	12	1
78	197	10.3	92	12	2
13	183	8	93	12	3
46	189	4.6	93	12	4
18	95	7.4	87	12	5
13	92	15.5	84	12	6
24	252	10.9	80	12	7
16	220	10.3	78	12	8
13	230	10.9	75	12	9
23	259	9.7	73	12	10
36	236	14.9	81	12	11
7	259	15.5	76	12	12
14	238	6.3	77	12	13
30	24	10.9	71	12	14
NA	112	11.5	71	12	15
14	237	6.9	78	12	16
18	224	13.8	67	12	17
20	27	10.3	76	12	18
96	238	10.3	68	12	19
78	201	8	82	12	20
73	238	12.6	64	12	21
91	14	9.2	71	12	22
47	139	10.3	81	12	23
32	49	10.3	69	12	24
20	20	16.6	63	12	25
23	193	6.9	70	12	26
21	145	13.2	77	12	27
24	191	14.3	75	12	28
44	131	8	76	12	29
21	139	10.3	81	12	30
78	197	5.1	92	12	31
